# Spec2000
164.gzip	2,205,852,054
171.swim	1,554,963,148
172.mgrid	36,849,887,251
173.applu	822,121,188
177.mesa	632,854,144
181.mcf		541,635,798
183.equake	952,606,484
186.crafty	5,824,618,763
188.ammp	81,732,349
197.parser	324,748,347
256.bzip2	2,469,142,379
300.twolf	204,898,372
# Spec2006
401.bzip2	4,715,923,911
410.bwaves	54,660,548,237
433.milc	65,551,437,476
437.leslie3d	161,458,494,648
444.namd	117,553,272,236
445.gobmk	1,190,243,400
447.dealII	30,126,423,055
450.soplex	799,853,646
454.calculix	563,606,501
456.hmmer	6,576,970,294
458.sjeng	25,258,533,132
462.libquantum	228,564,240
464.h264ref	219,588,275,505
471.omnetpp	2,764,930,034
473.astar	47,994,084,825
# Spec2017
507.cactuBSSN_r	149,566,173,982
508.namd_r	47,322,021,067
510.parest_r	74,827,923,984
531.deepsjeng_r	55,354,298,540
541.leela_r	61,887,115,906
544.nab_r	21,755,521,455
548.exchange2_r	125,086,622,979
549.fotonik3d_r	1,688,326,297
557.xz_r	4,463,961,859
